tweet_id,favorite_count,retweet_count
876484053909872640,17286,2097
886366144734445568,19361,2793
877611172832227328,0,71
888078434458587136,19964,3063
891689557279858688,38583,7624
879492040517615616,21553,2805
878604707211726852,27582,6255
879674319642796034,291,10
884876753390489601,25488,4929
882992080364220416,21907,3422
876120275196170240,25769,4131
889880896479866881,25607,4397
885518971528720385,18783,3294
879862464715927552,20531,3080
877556246731214848,20864,3376
890971913173991426,10802,1779
890006608113172480,28144,6474
873580283840344065,22335,3507
880935762899988482,15693,2471
891815181378084864,22987,3660
877201837425926144,24904,4927
886267009285017600,110,4
873337748698140672,0,1406
875747767867523072,23101,3789
889278841981685760,23083,4698
879415818425184262,96973,39507
882268110199369728,41078,10246
880465832366813184,26097,5497
887101392804085760,28096,5265
884162670584377345,18715,2643
879376492567855104,15467,2774
874057562936811520,20957,3544
875144289856114688,20203,4363
885528943205470208,32933,5646
878776093423087618,17788,3627
880872448815771648,19535,3381
885984800019947520,29869,5933
874434818259525634,0,12907
881633300179243008,116,7
883482846933004288,41990,8724
884562892145688576,22282,4146
889665388333682689,43964,8833
874680097055178752,25634,4120
887473957103951883,62890,15872
892177421306343426,30538,5534
884441805382717440,24865,5035
873213775632977920,6603,1406
890240255349198849,29192,6461
881268444196462592,21363,4692
891087950875897856,18597,2752
879130579576475649,0,6028
886680336477933568,20622,3951
878281511006478336,7097,1127
878404777348136964,0,1127
886054160059072513,0,96
888917238123831296,26688,3960
890729181411237888,59468,16664
881536004380872706,45338,14155
872967104147763200,25120,4823
887343217045368832,30869,9304
885311592912609280,0,16327
877316821321428993,25226,4619
885167619883638784,20052,3859
889638837579907072,24729,3950
876838120628539392,19031,2952
879050749262655488,20692,4157
892420643555336193,35291,7452
886983233522544640,31867,6744
876537666061221889,21850,4171
877736472329191424,72642,16767
874296783580663808,23998,3671
874012996292530176,31460,9080
888804989199671297,23422,3733
890609185150312448,25589,3805
887705289381826560,27753,4769
875097192612077568,25282,5412
875021211251597312,23498,4189
886258384151887873,25636,5584
878057613040115712,38689,6028
880095782870896641,25343,3856
887517139158093824,42502,10392
883117836046086144,33975,5859
884925521741709313,70481,15941
882045870035918850,26865,4297
883360690899218434,20789,3253
878316110768087041,0,5880
880221127280381952,24713,3676
883838122936631299,20033,3018
879008229531029506,17469,2368
882762694511734784,25892,4312
888554962724278272,18066,3054
882627270321602560,25688,5359
881666595344535552,46427,9437
884247878851493888,66393,17921
881906580714921986,22344,3010
886736880519319552,10951,2807
891327558926688256,36868,8218
889531135344209921,13914,1992
858860390427611136,0,7488
868639477480148993,0,1861
858471635011153920,20318,4496
870374049280663552,76960,23911
856330835276025856,0,621
855860136149123072,4642,906
864197398364647424,27949,8024
868880397819494401,60582,12983
867051520902168576,29935,7133
855851453814013952,43531,16890
872620804844003328,19129,3243
862457590147678208,19091,4490
866450705531457537,113682,31971
866094527597207552,0,7601
858843525470990336,14715,3204
860924035999428608,0,725
866720684873056260,18611,4343
863427515083354112,2052,85
863553081350529029,14248,3820
863907417377173506,19260,3778
854482394044301312,27817,6403
869227993411051520,18954,3389
859196978902773760,84420,27762
864279568663928832,13628,2731
869772420881756160,39507,9138
860184849394610176,15655,5387
854732716440526848,21652,5680
859074603037188101,31790,12596
864873206498414592,30086,7902
858107933456039936,14864,2671
862096992088072192,69306,21154
856288084350160898,488,15
857393404942143489,5566,1524
863471782782697472,0,2208
863432100342583297,22206,4778
860563773140209665,7024,1962
870656317836468226,11397,2339
870308999962521604,20325,3734
863079547188785154,8208,1013
870063196459192321,33826,7472
855818117272018944,25349,5079
865718153858494464,23956,5113
871762521631449091,18681,3121
861383897657036800,33780,9799
871102520638267392,19345,4935
870804317367881728,31147,5548
871166179821445120,0,5112
857263160327368704,18982,4201
860981674716409858,0,1962
859851578198683649,14528,3244
869702957897576449,26155,5661
867774946302451713,31591,6623
857989990357356544,15168,2390
856526610513747968,11244,1752
863062471531167744,7888,2208
855138241867124737,0,40
856543823941562368,15506,2681
871032628920680449,21044,3411
866686824827068416,17890,3138
855857698524602368,11277,1966
871879754684805121,34647,9767
855459453768019968,28310,7688
857029823797047296,17822,3689
869596645499047938,14803,2795
872820683541237760,13602,3321
865006731092295680,26149,7029
862831371563274240,17939,4702
871515927908634625,18666,3115
859607811541651456,17544,1424
856282028240666624,26300,5851
868552278524837888,9347,1861
855862651834028034,316,22
861005113778896900,15650,3499
866334964761202691,48688,12907
854120357044912130,30495,6987
862722525377298433,16014,3239
857746408056729600,32296,9854
857062103051644929,0,154
872486979161796608,37628,8105
861288531465048066,16085,3796
860276583193509888,17280,3237
860524505164394496,22194,4856
868622495443632128,24707,4762
859924526012018688,18444,3784
855245323840757760,0,5554
857214891891077121,212,17
867900495410671616,22521,3777
865359393868664832,24654,4543
870726314365509632,112,3
860177593139703809,0,28414
867421006826221569,14954,2254
872122724285648897,31601,7246
854365224396361728,18007,4398
867072653475098625,0,108
852672615818899456,14286,2042
840632337062862849,8766,1696
852553447878664193,15576,3278
838561493054533637,10725,1286
849051919805034497,40792,8045
842115215311396866,13593,2903
843856843873095681,20840,4420
847971574464610304,0,419
844223788422217728,13272,2091
845812042753855489,28294,8310
842846295480000512,14881,3492
850753642995093505,29547,8601
840370681858686976,16028,4393
840728873075638272,0,15454
847617282490613760,6756,391
852226086759018497,19173,6490
853760880890318849,27284,5420
847157206088847362,19214,5590
843235543001513987,20907,5765
836989968035819520,12487,2235
844979544864018432,13241,2439
847978865427394560,0,3113
840696689258311684,11967,936
837471256429613056,12511,2188
842535590457499648,17643,3376
846874817362120707,19418,3747
838952994649550848,19199,3863
842163532590374912,23776,5554
847842811428974592,5236,1259
843604394117681152,16422,2622
848212111729840128,15752,2879
842765311967449089,6541,1214
841320156043304961,19291,5319
853299958564483072,14818,3350
841833993020538882,0,14450
837110210464448512,15696,2291
838201503651401729,0,9710
837820167694528512,33294,7601
840698636975636481,170,2
847251039262605312,19828,4125
838916489579200512,0,33
850145622816686080,15715,3598
839990271299457024,13113,2199
837482249356513284,3772,427
852936405516943360,0,1867
845397057150107648,7382,1709
849776966551130114,29250,7202
848213670039564288,7882,682
852912242202992640,8616,1699
852311364735569921,31738,9393
838083903487373313,17228,3015
849412302885593088,15300,2993
845306882940190720,22622,5150
844973813909606400,14591,3041
846042936437604353,15483,2737
839239871831150596,26457,6296
841680585030541313,25102,7547
838085839343206401,138,1
838831947270979586,0,10649
851591660324737024,15626,3284
851861385021730816,0,19
845098359547420673,0,7333
838150277551247360,1629,319
839290600511926273,0,139
845677943972139009,24429,4611
846153765933735936,30549,8639
849336543269576704,11009,1798
849668094696017920,0,4718
844580511645339650,15969,2981
846139713627017216,30066,9643
853639147608842240,33075,9400
850380195714523136,12622,2468
852189679701164033,11010,1503
848324959059550208,23855,4408
839549326359670784,26777,7488
841077006473256960,22269,5112
848690551926992896,24315,4123
854010172552949760,15501,2958
840761248237133825,0,1696
838476387338051585,21960,4594
843981021012017153,14752,2841
838921590096166913,10873,1970
850333567704068097,3327,310
850019790995546112,19650,4623
846505985330044928,13669,2934
846514051647705089,43126,11027
847606175596138505,18155,3271
847116187444137987,20774,3043
851464819735769094,23297,6701
847962785489326080,22729,4836
840268004936019968,18773,5531
841439858740625411,12297,3537
841314665196081154,15436,4472
851224888060895234,19888,5457
831315979191906304,6424,1094
831650051525054464,6992,1867
830173239259324417,0,5534
832088576586297345,61,2
832397543355072512,11775,2153
826204788643753985,4805,903
826240494070030336,13100,2557
835309094223372289,0,20325
827199976799354881,10426,2178
826598365270007810,9880,2295
836260088725786625,20891,4183
829011960981237760,52416,15950
829878982036299777,0,4884
827600520311402496,7363,918
829449946868879360,10296,1960
825535076884762624,56128,17241
828381636999917570,12408,2171
832769181346996225,0,38
829861396166877184,12053,1887
833732339549220864,0,214
828650029636317184,9358,1298
828361771580813312,2153,171
826598799820865537,5058,244
835685285446955009,0,7886
826848821049180160,35731,9922
832215909146226688,0,6050
830956169170665475,7854,1456
829141528400556032,23984,7158
832273440279240704,11146,2272
835297930240217089,16151,2910
828376505180889089,7271,1044
828046555563323392,11567,2806
828770345708580865,25186,5716
836397794269200385,0,26664
831309418084069378,11577,2403
834086379323871233,12817,2144
834209720923721728,20147,4613
831322785565769729,9126,1515
827933404142436356,19768,5119
828409743546925057,6252,1137
832369877331693569,16864,3113
828372645993398273,12394,2863
832636094638288896,15592,2709
834458053273591808,9443,1629
836677758902222849,12374,2161
832032802820481025,17550,4547
831939777352105988,23545,5982
835574547218894849,17444,3509
832682457690300417,11660,2837
826476773533745153,18137,4096
832215726631055365,0,9088
832998151111966721,13011,2131
833124694597443584,19840,4718
831262627380748289,11705,1991
833863086058651648,13198,2340
825147591692263424,18052,4438
836001077879255040,18686,4139
834167344700198914,15523,3561
826115272272650244,15417,3037
824796380199809024,0,5389
834089966724603904,9847,2075
829501995190984704,31196,10345
831911600680497154,27088,6332
834477809192075265,0,10345
835246439529840640,2054,71
828801551087042563,0,3341
836753516572119041,18946,4508
834931633769889797,10586,1580
825876512159186944,10334,1822
833479644947025920,14598,1983
825026590719483904,6197,1220
836380477523124226,14471,2901
832757312314028032,16569,3518
835536468978302976,0,1638
832645525019123713,2876,520
834786237630337024,21005,5366
826615380357632002,0,3899
831670449226514432,10257,1770
828708714936930305,35912,10916
834574053763584002,13387,2446
835172783151792128,25653,5594
835264098648616962,7573,1638
836648853927522308,0,535
825829644528148480,12562,2440
828408677031882754,7571,1254
830097400375152640,9624,2859
833826103416520705,17768,3672
832040443403784192,0,9334
827324948884643840,15594,2966
828011680017821696,10202,2104
830583320585068544,65622,16327
831926988323639298,331,34
827653905312006145,15271,2953
831552930092285952,8817,2264
826958653328592898,21247,4884
835152434251116546,21909,2912
833722901757046785,20463,3148
825120256414846976,0,1220
823581115634085888,12855,2577
813202720496779264,9180,1799
819952236453363712,5273,1155
821813639212650496,0,3312
824025158776213504,4762,588
813130366689148928,4457,442
815966073409433600,22202,8342
819015331746349057,0,18736
823333489516937216,693,22
813142292504645637,8435,2363
819711362133872643,13229,3068
821765923262631936,8315,1628
813187593374461952,19710,4306
821421320206483457,0,5467
816014286006976512,0,5189
815390420867969024,10285,3761
813157409116065792,7719,2183
817908911860748288,4808,787
814578408554463233,0,5763
820013781606658049,0,1155
819227688460238848,22846,6610
817415592588222464,5551,934
817120970343411712,12116,2561
817056546584727552,8511,1619
824663926340194305,10396,1736
816829038950027264,0,4652
814530161257443328,8564,1837
821044531881721856,12536,2232
818259473185828864,10907,2219
818627210458333184,22207,7439
820837357901512704,0,6610
817502432452313088,0,3342
823719002937630720,0,10961
819004803107983360,86111,36394
818646164899774465,0,20648
821149554670182400,8530,1930
822489057087389700,17901,6284
822462944365645825,27583,13984
813944609378369540,0,3144
819015337530290176,0,36394
820078625395449857,19592,6180
815639385530101762,8153,1628
816697700272001025,9692,2152
816450570814898180,30140,7935
817423860136083457,33421,14450
822872901745569793,129746,42339
821153421864615936,253,10
819924195358416896,12798,4808
822244816520155136,34548,9689
818588835076603904,0,6023
814153002265309185,28538,8561
821522889702862852,7951,1719
813217897535406080,18513,7214
819588359383371776,9556,1967
814638523311648768,11177,2659
819238181065359361,2241,401
822163064745328640,0,4664
822975315408461824,17126,3378
818145370475810820,12148,2521
817827839487737858,51105,26664
821107785811234820,9491,2095
819347104292290561,7145,1181
823939628516474880,10494,2654
817171292965273600,8687,1991
821886076407029760,11186,2264
816336735214911488,8528,1920
817181837579653120,0,8342
813172488309972993,9200,1902
818536468981415936,10762,2410
814986499976527872,7588,1259
816091915477250048,8857,2103
820314633777061888,3309,554
820494788566847489,0,554
815990720817401858,4900,1001
818307523543449600,0,7935
821407182352777218,11616,4252
823699002998870016,13795,2469
813910438903693312,9243,1840
824775126675836928,14712,3436
818614493328580609,9743,2507
816816676327063552,9918,2013
816062466425819140,0,1001
823322678127919110,15547,3938
817536400337801217,11658,2912
815736392542261248,9760,2235
820749716845686786,31204,9710
823269594223824897,0,9689
819006400881917954,44880,18736
817777686764523521,10653,2644
822859134160621569,13091,2227
813800681631023104,8261,1735
815745968457060357,0,4072
813127251579564032,11739,3091
820690176645140481,12093,3180
822610361945911296,14630,2899
824297048279236611,14863,3783
820446719150292993,0,2531
813812741911748608,36179,13803
824325613288833024,11670,10377
822647212903690241,0,6284
805932879469572096,8250,1907
803380650405482500,7730,1860
807106840509214720,117467,54847
799063482566066176,8041,2457
801115127852503040,8034,2086
812709060537683968,6582,1426
811627233043480576,12679,3045
800751577355128832,10537,2771
805487436403003392,8753,2501
804475857670639616,6108,1995
802265048156610565,6896,1366
811744202451197953,7496,1570
809084759137812480,13151,3501
813096984823349248,10508,3598
813081950185472002,9845,2762
799774291445383169,0,4640
805207613751304193,7814,1701
805520635690676224,5726,1643
798701998996647937,0,7714
802185808107208704,0,270
807059379405148160,0,7264
806542213899489280,10170,2340
809448704142938112,6906,1453
800855607700029440,0,1597
808838249661788160,10065,3006
805958939288408065,0,5313
804413760345620481,0,3203
807010152071229440,13028,3834
811985624773361665,7240,1385
809808892968534016,0,4846
798933969379225600,13012,4410
806629075125202948,74166,34273
800513324630806528,13073,2968
802952499103731712,8975,1978
801167903437357056,24344,5857
807621403335917568,14500,3576
803773340896923648,10003,2718
802323869084381190,16093,5783
812372279581671427,13575,3626
806620845233815552,0,5472
804026241225523202,44196,15953
810896069567610880,8951,1748
812466873996607488,7926,1915
812781120811126785,7505,1887
806242860592926720,0,11530
799757965289017345,8349,2148
808001312164028416,12466,3507
798705661114773508,0,6593
805823200554876929,0,7941
801854953262350336,1786,235
808344865868283904,42292,20648
800859414831898624,685,97
800459316964663297,9469,2161
801285448605831168,6023,811
802624713319034886,0,2888
800388270626521089,11118,2782
798682547630837760,0,4705
798925684722855936,7484,1431
808134635716833280,0,5857
811647686436880384,5574,730
800188575492947969,0,3905
811386762094317568,20788,6316
803276597545603072,9982,2434
798694562394996736,0,4911
810984652412424192,5298,1422
812503143955202048,6020,1204
804738756058218496,13638,3792
809920764300447744,15477,3899
801127390143516673,0,3920
808106460588765185,8763,2195
802239329049477120,9046,2601
801538201127157760,8195,2046
803692223237865472,0,7368
800443802682937345,0,4290
813051746834595840,20833,7294
802572683846291456,8903,2481
798686750113755136,0,2316
800141422401830912,15214,2531
802600418706604034,7068,1450
806219024703037440,6415,1182
808733504066486276,7860,2144
810284430598270976,34977,11116
810254108431155201,14598,3341
809220051211603969,19799,5534
801958328846974976,7723,1711
813066809284972545,7889,1931
798697898615730177,0,6474
805826884734976000,6530,1801
799308762079035393,0,5414
813112105746448384,10240,2709
800018252395122689,28213,13039
806576416489959424,4873,1943
803638050916102144,10889,4114
808501579447930884,11245,2582
803321560782307329,0,5274
799422933579902976,8040,1914
810657578271330305,10904,2614
799297110730567681,9828,2727
794926597468000259,10179,2297
794983741416415232,0,3345
789280767834746880,0,4875
798209839306514432,10372,2535
796759840936919040,11761,3004
788070120937619456,0,3402
797545162159308800,14495,4835
787322443945877504,7738,1724
792050063153438720,7110,1776
788765914992902144,27145,10182
798665375516884993,0,3877
787717603741622272,10209,2750
791312159183634433,8719,2508
788039637453406209,6087,1293
798585098161549313,0,5639
793210959003287553,8886,2772
786729988674449408,0,2397
792773781206999040,7323,1656
798340744599797760,0,3297
796387464403357696,10950,4098
791784077045166082,0,9484
793195938047070209,15175,5575
796484825502875648,7544,1739
796116448414461957,9056,2396
789903600034189313,10284,4094
791821351946420224,0,20918
792883833364439040,11247,4237
789599242079838210,6706,1901
793845145112371200,9174,1838
796904159865868288,0,8855
796031486298386433,10747,3689
795076730285391872,16113,5389
798673117451325440,0,5516
790723298204217344,0,2285
786363235746385920,10821,3451
791780927877898241,0,3787
787111942498508800,0,6676
793120401413079041,12586,3888
787397959788929025,10824,2822
794355576146903043,0,10182
798644042770751489,0,1838
791406955684368384,13094,4072
789986466051088384,9205,2285
794205286408003585,9201,3291
787810552592695296,8560,3013
793614319594401792,0,3102
791774931465953280,44863,21992
790946055508652032,16583,4652
789314372632018944,8602,2268
789960241177853952,0,4070
788150585577050112,6084,1259
791026214425268224,0,4056
786595970293370880,9400,3098
789628658055020548,7444,1743
792394556390137856,13348,4263
789268448748703744,9065,2578
796177847564038144,0,14153
790698755171364864,8172,1905
794332329137291264,9554,2659
786963064373534720,26485,7886
791672322847637504,11697,3102
793180763617361921,6901,1980
789530877013393408,11663,3345
795400264262053889,9997,2841
788908386943430656,27291,12376
793226087023144960,9776,2855
788412144018661376,15454,5213
790337589677002753,7782,1864
797165961484890113,222,26
793256262322548741,19899,8273
792913359805018113,14232,3936
790581949425475584,20561,7063
793135492858580992,6373,2477
790987426131050500,9776,2112
793241302385262592,10466,3265
788178268662984705,7186,2073
796865951799083009,7639,1901
796149749086875649,32083,14153
786664955043049472,10530,2512
793165685325201412,9337,2756
797236660651966464,19842,6504
790227638568808452,0,3533
797971864723324932,11529,3086
796080075804475393,8414,2286
795464331001561088,49299,23372
793286476301799424,24470,9088
798628517273620480,0,1963
789137962068021249,9665,2760
790277117346975746,12493,3144
793962221541933056,16740,4846
796125600683540480,4951,1791
793271401113350145,8658,2372
786709082849828864,18121,6050
793601777308463104,7942,1600
793500921481273345,10622,2354
798576900688019456,0,5795
793150605191548928,6144,1684
786286427768250368,7928,2796
788552643979468800,0,7095
796563435802726400,0,7184
776088319444877312,1816,147
784057939640352768,29526,10961
778748913645780993,6805,1283
775733305207554048,13709,3920
777684233540206592,11100,2888
780476555013349377,0,109
775085132600442880,15345,4640
775898661951791106,0,16474
776249906839351296,0,8954
777641927919427584,0,4159
778764940568104960,854,358
782021823840026624,0,6103
776477788987613185,8708,2717
776813020089548800,4815,1184
785927819176054784,11314,3148
781163403222056960,9712,2717
773704687002451968,6499,1594
785872687017132033,6651,1782
774639387460112384,6635,1697
786051337297522688,1416,154
772877495989305348,8432,3796
776218204058357768,29496,15548
783347506784731136,0,5462
781524693396357120,20578,5472
778383385161035776,5755,1081
774757898236878852,8491,1752
783085703974514689,8100,2164
773922284943896577,6312,1715
784517518371221505,8902,2495
780800785462489090,5429,1277
785170936622350336,11935,4762
779056095788752897,14588,4449
778650543019483137,5696,1474
773191612633579521,9847,4045
777189768882946048,14075,4241
773670353721753600,5278,1288
780092040432480260,0,2262
780192070812196864,8617,2204
776819012571455488,0,13449
784431430411685888,5677,1256
778774459159379968,0,9724
779834332596887552,18668,6914
785515384317313025,6078,1240
786036967502913536,0,6914
776201521193218049,9482,2476
785264754247995392,7209,1598
779377524342161408,8692,3064
780074436359819264,12029,4875
780496263422808064,0,3618
777885040357281792,6283,1601
780931614150983680,21421,7184
783839966405230592,29740,10649
782598640137187329,7725,1846
778990705243029504,19724,7065
783695101801398276,10385,3171
785533386513321988,9040,1969
784826020293709826,10039,3203
773308824254029826,22969,7333
778408200802557953,13470,4249
781661882474196992,10341,2678
783334639985389568,28878,11530
786233965241827333,15128,4664
782722598790725632,17115,5313
777621514455814149,8627,2467
785639753186217984,7817,2214
778624900596654080,4572,997
781655249211752448,3954,1116
782747134529531904,7410,1393
782969140009107456,23921,7264
773247561583001600,9325,3197
777953400541634568,0,3472
778286810187399168,10261,3242
781308096455073793,7081,2523
775364825476165632,7291,2903
779124354206535695,0,17983
773985732834758656,10590,3786
773336787167145985,0,4969
781955203444699136,11043,3323
778396591732486144,0,12017
780543529827336192,6236,1720
775729183532220416,12829,4519
783391753726550016,16756,5381
775842724423557120,11550,2608
775350846108426240,10036,3837
781251288990355457,8336,2047
778027034220126208,6478,1578
784183165795655680,19883,7941
783821107061198850,7307,1940
782305867769217024,16500,5467
778039087836069888,8393,2594
780459368902959104,5242,1060
774314403806253056,21488,5414
780601303617732608,11979,3312
773547596996571136,21830,6023
772826264096874500,7931,2311
783466772167098368,8388,2206
776113305656188928,11608,4290
780858289093574656,7115,1973
768970937022709760,14116,6371
759943073749200896,5834,2028
772102971039580160,3947,921
759447681597108224,8335,2397
772193107915964416,5942,1359
764857477905154048,6353,1741
763837565564780549,12338,4056
760290219849637889,26319,11213
770772759874076672,5107,1392
771500966810099713,8143,2561
766793450729734144,4966,1333
767122157629476866,10023,2801
759159934323924993,0,1128
768609597686943744,4057,1170
768855141948723200,4115,867
766069199026450432,4151,833
772581559778025472,6387,1667
766423258543644672,5898,1543
759446261539934208,1641,470
762464539388485633,10128,4070
768554158521745409,0,5707
761599872357261312,4056,1164
770093767776997377,0,2985
760190180481531904,5587,1750
765669560888528897,5105,1206
772615324260794368,0,3316
765222098633691136,11443,3316
772117678702071809,3721,723
760656994973933572,6470,1861
759923798737051648,14431,5506
758828659922702336,11005,3760
770069151037685760,7484,2253
771770456517009408,11828,3297
763103485927849985,7256,2259
767754930266464257,15759,5274
761976711479193600,5307,1956
771136648247640064,9012,2862
767884188863397888,4676,1353
761672994376806400,48569,28414
766078092750233600,0,2564
760521673607086080,4138,1361
762035686371364864,31282,15198
761227390836215808,5233,1528
760641137271070720,4894,1268
761750502866649088,0,3818
768909767477751808,0,2613
769695466921623552,6328,1647
761745352076779520,4203,843
759047813560868866,6363,1956
771014301343748096,6777,1621
772152991789019136,3760,1110
760539183865880579,7433,3538
766714921925144576,2577,369
766693177336135680,3948,776
766313316352462849,6677,1848
764259802650378240,5918,1470
763183847194451968,5290,1441
771908950375665664,6483,1854
766864461642756096,0,5506
761334018830917632,5106,1424
767500508068192258,7390,2293
770787852854652928,4854,1179
772114945936949249,2692,459
763167063695355904,0,2933
762471784394268675,11027,6258
760153949710192640,0,30
768473857036525572,13412,3334
770414278348247044,6235,2058
768193404517830656,10702,3472
765719909049503744,7114,2116
759846353224826880,6611,1919
761004547850530816,11134,3402
759557299618865152,4593,1164
762316489655476224,4712,1088
771171053431250945,0,7293
769335591808995329,0,7578
769212283578875904,5311,1678
759099523532779520,14242,4054
771102124360998913,6146,1410
770293558247038976,6131,1438
758854675097526272,3485,879
760252756032651264,3885,850
762699858130116608,11908,3533
768596291618299904,4961,1253
765371061932261376,6954,2127
770655142660169732,7234,1741
771380798096281600,10329,4969
767191397493538821,12107,3679
765395769549590528,26244,3321
759197388317847553,5970,1904
760893934457552897,3740,945
761292947749015552,4402,1063
763956972077010945,748,53
766008592277377025,3687,488
761371037149827077,0,17669
769940425801170949,30796,9334
759793422261743616,5845,1861
750071704093859840,7663,3227
749317047558017024,5367,2176
752334515931054080,3737,1068
748692773788876800,4156,1300
748705597323898880,2714,922
753039830821511168,36341,20325
758355060040593408,3322,1036
750381685133418496,681,27
748220828303695873,13800,7546
751538714308972544,4933,1227
754747087846248448,2533,504
753420520834629632,7723,3456
757597904299253760,0,294
751132876104687617,4950,1266
751598357617971201,7767,2961
756303284449767430,3858,1081
748575535303884801,5925,1926
753375668877008896,7480,2262
748699167502000129,4641,1542
752309394570878976,0,15758
748337862848962560,7437,3989
752932432744185856,12353,6676
750506206503038976,4351,1120
757354760399941633,4433,1385
750101899009982464,2972,818
750086836815486976,2119,517
750868782890057730,4669,1322
750041628174217216,3098,592
753026973505581056,3835,937
752660715232722944,4284,1515
748977405889503236,10528,3295
750117059602808832,4240,1272
748932637671223296,5668,2184
748568946752774144,2159,650
756526248105566208,10203,3488
757725642876129280,4456,1184
751205363882532864,6173,1760
750011400160841729,3160,878
754856583969079297,6760,2449
758099635764359168,18675,9724
749395845976588288,8364,3337
755206590534418437,16109,5211
752519690950500352,7213,3361
751830394383790080,5696,1891
750383411068534784,4457,1116
748346686624440324,5099,1196
758474966123810816,3724,975
758740312047005698,5633,1581
754449512966619136,3671,718
750719632563142656,12881,4875
751793661361422336,5691,2818
752173152931807232,5826,1777
755955933503782912,7151,2803
749403093750648834,2547,516
749417653287129088,5963,1597
757400162377592832,14840,6665
756651752796094464,4938,1262
754874841593970688,0,7694
753398408988139520,5631,1856
756288534030475264,43164,17246
749981277374128128,4994,2399
751583847268179968,4293,1069
750147208377409536,3029,934
757596066325864448,4242,1031
750026558547456000,2659,764
754482103782404096,5177,1905
755110668769038337,20758,10817
749064354620928000,4692,1487
758405701903519748,5113,1861
753298634498793472,0,5536
752568224206688256,5372,2212
752682090207055872,5884,1550
757741869644341248,6738,3173
751456908746354688,3149,977
757611664640446465,4475,1075
756998049151549440,6152,1932
751950017322246144,2993,889
757729163776290825,0,7703
752701944171524096,0,2780
753294487569522689,3290,1012
751937170840121344,5074,1283
751251247299190784,12249,5719
749036806121881602,3023,769
757393109802180609,5686,1691
749996283729883136,2986,799
749075273010798592,5622,2021
754120377874386944,7735,2291
748307329658011649,3598,694
756275833623502848,6273,1497
756939218950160384,6510,1950
758467244762497024,4711,2162
750056684286914561,3090,874
758041019896193024,2646,365
750429297815552001,12883,4159
750132105863102464,3530,1255
749774190421639168,4565,1288
752917284578922496,6792,1530
748324050481647620,3603,733
753655901052166144,5725,2126
742423170473463808,9544,3618
744234799360020481,152112,75198
743595368194129920,17838,6312
746906459439529985,2834,286
743980027717509120,4067,1059
747885874273214464,2864,940
740676976021798912,17653,6593
740711788199743490,3312,908
744995568523612160,2896,594
742528092657332225,4297,1897
741438259667034112,3591,788
737800304142471168,9698,3340
746726898085036033,5894,1737
740214038584557568,6510,1900
743835915802583040,0,1998
746542875601690625,4918,1828
739623569819336705,3653,1316
747512671126323200,5387,1567
746507379341139972,4543,1054
738184450748633089,4203,1171
741793263812808706,4420,1455
747594051852075008,3586,1022
744709971296780288,5452,1511
746056683365994496,3478,786
746521445350707200,0,955
745789745784041472,3918,1032
738883359779196928,3211,761
747933425676525569,6452,2475
743222593470234624,6032,1851
737678689543020544,4880,1267
739932936087216128,3943,1047
737445876994609152,9931,4287
736365877722001409,3854,1191
739485634323156992,6944,2820
747242308580548608,0,2817
740699697422163968,2766,749
743510151680958465,7726,3606
747219827526344708,5125,1516
742150209887731712,4964,1495
744334592493166593,6597,2034
746131877086527488,6729,2121
740373189193256964,34057,12884
741067306818797568,9266,2985
747651430853525504,1344,148
746818907684614144,5199,1690
747600769478692864,2277,544
738891149612572673,104,6
743545585370791937,3438,908
736736130620620800,4110,1659
739238157791694849,112456,55999
736225175608430592,7854,2686
747103485104099331,9311,3832
745074613265149952,7633,3374
745433870967832576,6900,2469
745712589599014916,6823,2252
740365076218183684,2385,419
742465774154047488,7065,3791
740995100998766593,6167,2626
746757706116112384,9336,3787
742161199639494656,4199,1322
738537504001953792,4940,1477
743609206067040256,4355,1341
739979191639244800,19393,5707
737310737551491075,14227,7159
747204161125646336,3282,884
737322739594330112,3496,781
747844099428986880,2748,724
747648653817413632,12578,5661
738156290900254721,2431,619
739844404073074688,3697,829
742385895052087300,6613,1895
747816857231626240,4727,1128
737826014890496000,5107,1704
746790600704425984,4749,1553
743253157753532416,4121,1183
744971049620602880,7680,2605
745057283344719872,7058,2173
744223424764059648,1611,348
746369468511756288,6036,1585
743210557239623680,3738,1322
742534281772302336,6881,3451
745314880350101504,6969,2662
741099773336379392,9709,5322
745422732645535745,8355,2348
739544079319588864,38345,20456
738166403467907072,8499,3226
740359016048689152,3200,835
747461612269887489,3779,1011
747963614829678593,5647,2079
735991953473572864,3481,1106
741303864243200000,8540,3096
741743634094141440,7950,2651
736392552031657984,17165,7095
739606147276148736,5248,1595
747439450712596480,5285,1859
738885046782832640,3664,1105
746872823977771008,5830,2068
736010884653420544,7637,2868
743895849529389061,3566,933
738402415918125056,3168,795
717421804990701568,3056,807
719991154352222208,4681,1675
718540630683709445,2367,971
725458796924002305,1371,592
719332531645071360,3327,913
718939241951195136,5078,1685
730211855403241472,3700,1022
735648611367784448,3922,1066
722613351520608256,4825,1571
723912936180330496,3762,1183
734559631394082816,1448,382
720043174954147842,4764,1931
717428917016076293,1568,429
725842289046749185,6864,2564
727155742655025152,3506,1275
728409960103686147,4747,1921
720389942216527872,6161,2408
728015554473250816,3992,1058
726828223124897792,3453,969
720785406564900865,3011,738
724983749226668032,3619,1253
716802964044845056,4147,1127
731156023742988288,3723,1218
720775346191278080,2383,635
725729321944506368,5048,1710
735274964362878976,12626,4832
718234618122661888,3744,952
728035342121635841,4404,1613
735137028879360001,3036,938
718971898235854848,3363,1039
728653952833728512,3214,1000
729823566028484608,3846,1197
718460005985447936,2602,504
724405726123311104,5119,1594
716791146589110272,7950,1517
726935089318363137,6658,2338
724004602748780546,4059,1486
719367763014393856,2705,717
729854734790754305,3902,1080
733828123016450049,3469,753
722974582966214656,3970,1513
730573383004487680,4734,2059
727314416056803329,3224,714
726887082820554753,3704,1456
729838605770891264,1680,367
724049859469295616,4207,1714
728046963732717569,4154,1159
733460102733135873,4045,1230
730924654643314689,5962,1908
724046343203856385,2577,538
727524757080539137,4326,1174
725786712245440512,4043,1325
728986383096946689,3053,787
728751179681943552,2677,650
732732193018155009,2358,514
726224900189511680,4282,1099
732585889486888962,3548,752
734787690684657664,12159,6075
735635087207878657,5973,2260
732005617171337216,14410,5189
727175381690781696,3788,1335
735256018284875776,3232,847
734776360183431168,2426,514
733109485275860992,51777,16474
718246886998687744,1849,477
719551379208073216,4896,1815
727685679342333952,2866,613
721503162398597120,4470,1757
723673163800948736,2924,853
717537687239008257,5592,1774
734912297295085568,2667,510
723688335806480385,7418,2823
720340705894408192,2772,940
730196704625098752,4693,1811
728760639972315136,4522,1639
728387165835677696,3588,925
717009362452090881,3130,925
731285275100512256,3391,966
717790033953034240,2781,1059
727644517743104000,5676,1681
717047459982213120,6078,1848
720415127506415616,4001,1447
718454725339934721,4702,1455
733482008106668032,3034,912
732375214819057664,7826,2416
724771698126512129,2268,609
730427201120833536,3377,1001
727286334147182592,2959,788
721001180231503872,2452,588
729463711119904772,5602,2226
732726085725589504,3452,857
718631497683582976,18270,7714
719704490224398336,4395,1368
723179728551723008,5132,1784
719339463458033665,4301,1186
720059472081784833,3731,1080
718613305783398402,2353,460
717841801130979328,2377,577
733822306246479872,3559,987
729113531270991872,1824,306
713177543487135744,6987,2753
715220193576927233,2348,624
710833117892898816,2601,512
708356463048204288,3467,1265
714957620017307648,4012,1354
712717840512598017,11921,4773
708834316713893888,1633,483
712309440758808576,230,25
708469915515297792,3008,783
711008018775851008,2902,589
710272297844797440,4388,1203
710658690886586372,2236,540
708738143638450176,2675,782
707776935007539200,3173,922
709207347839836162,12087,5557
714962719905021952,7101,4085
715680795826982913,4155,1545
709901256215666688,645,98
712092745624633345,2849,856
709158332880297985,1967,397
715696743237730304,3782,1246
711968124745228288,7786,2220
712668654853337088,4041,1166
709519240576036864,1450,227
716447146686459905,12633,5630
714631576617938945,3176,953
711363825979756544,3516,1091
709225125749587968,2340,549
716285507865542656,2686,1008
714141408463036416,4185,1347
715928423106027520,3090,848
715200624753819648,4977,1798
707969809498152960,2608,928
708845821941387268,2885,861
708479650088034305,2465,652
708400866336894977,15453,9683
709449600415961088,2141,546
710844581445812225,2459,656
716439118184652801,2307,200
715009755312439296,4012,1178
716080869887381504,6564,1829
708119489313951744,2610,947
708149363256774660,4165,1502
714258258790387713,2939,701
712065007010385924,2180,599
708810915978854401,15962,6665
713919462244790272,3186,762
710140971284037632,2668,851
710269109699739648,2320,1073
715758151270801409,3598,1376
709556954897764353,3182,1033
709918798883774466,3391,1051
714485234495041536,2579,1083
714606013974974464,3511,888
711652651650457602,3735,880
713411074226274305,4286,1253
708853462201716736,1752,639
710153181850935296,2818,861
712438159032893441,5153,1510
713909862279876608,1835,519
710283270106132480,2088,503
709566166965075968,3445,1154
710117014656950272,5291,1898
709042156699303936,4585,1572
712085617388212225,3172,469
715342466308784130,2949,663
709198395643068416,2374,616
708130923141795840,3277,824
708109389455101952,1891,534
711998809858043904,0,122
710588934686908417,4387,1790
711694788429553666,31813,17669
715733265223708672,4517,1628
707741517457260545,2411,588
715360349751484417,5298,1503
713761197720473600,4696,1311
714214115368108032,2204,837
709409458133323776,2526,654
712809025985978368,18446,6474
714251586676113411,3166,803
713900603437621249,2747,705
714982300363173890,3597,999
707983188426153984,48,2
712097430750289920,3650,994
707995814724026368,3034,1088
708026248782585858,4267,1857
710296729921429505,2304,711
708711088997666817,2452,690
713175907180089344,4309,1420
709179584944730112,1948,647
709852847387627521,3408,1155
715704790270025728,2690,550
716730379797970944,1192,411
711743778164514816,2748,957
710609963652087808,4642,2291
711306686208872448,3192,710
707738799544082433,3957,2374
710997087345876993,4429,1335
708349470027751425,2282,711
711732680602345472,8524,3931
702276748847800320,2400,745
699779630832685056,2652,1192
704134088924532736,1465,439
704113298707505153,1799,552
705428427625635840,3685,1614
706901761596989440,1986,562
702684942141153280,3139,1031
699801817392291840,2950,918
707693576495472641,3295,957
707021089608753152,3961,1303
701981390485725185,3339,951
700796979434098688,2366,903
707315916783140866,2403,613
705970349788291072,3085,859
700062718104104960,2566,662
706538006853918722,3366,1380
706346369204748288,3344,895
703268521220972544,1924,524
700462010979500032,3997,1716
707377100785885184,3174,1048
700167517596164096,2558,704
705975130514706432,3011,704
701889187134500865,3440,1339
702539513671897089,2798,923
700518061187723268,2537,769
702899151802126337,1565,435
700890391244103680,2154,547
704347321748819968,1529,338
707610948723478529,16442,6103
706169069255446529,3785,2134
705475953783398401,2876,878
704491224099647488,726,75
707387676719185920,3387,1234
705239209544720384,2907,727
703425003149250560,3692,1315
707014260413456384,2247,579
705786532653883392,1874,497
705066031337840642,2124,597
702332542343577600,3085,1495
706516534877929472,3024,997
703382836347330562,3399,1106
703774238772166656,1786,439
701601587219795968,2034,437
706593038911545345,2090,609
701570477911896070,2731,898
707038192327901184,2122,758
707629649552134146,2490,835
700747788515020802,22124,8954
703407252292673536,2366,669
706291001778950144,1655,460
703631701117943808,2496,653
707420581654872064,2189,669
700002074055016451,3209,1293
701952816642965504,3733,990
706681918348251136,3198,942
702671118226825216,2126,541
702321140488925184,3181,1010
700847567345688576,2384,482
700029284593901568,2017,568
700143752053182464,7298,2613
706265994973601792,2660,901
700505138482569216,2227,549
707411934438625280,2230,577
704499785726889984,2823,972
705442520700944385,4281,1558
704859558691414016,2180,515
704819833553219584,2566,948
707297311098011648,2701,755
703356393781329922,1855,373
703041949650034688,25535,12017
704871453724954624,4153,1088
706166467411222528,4991,1547
701545186879471618,2584,587
699691744225525762,9992,4439
700864154249383937,2519,603
699775878809702401,1903,581
702217446468493312,4641,1297
701214700881756160,11837,4911
702598099714314240,11874,3323
701805642395348998,3315,1609
703611486317502464,3721,1481
700151421916807169,2177,646
699788877217865730,2168,494
703769065844768768,3174,1098
707059547140169728,2513,651
704847917308362754,4916,1461
705898680587526145,2299,532
704364645503647744,7744,3427
706153300320784384,1436,370
702932127499816960,2512,695
705102439679201280,2079,500
703079050210877440,7182,2975
704761120771465216,6439,2817
705591895322394625,3080,1105
706904523814649856,14123,7578
706644897839910912,2499,1054
704480331685040129,3293,1032
706310011488698368,20626,7622
705223444686888960,2520,773
704054845121142784,2835,888
692535307825213440,3063,1311
698178924120031232,2735,715
696518437233913856,3799,1658
693582294167244802,1601,237
692530551048294401,1779,399
697990423684476929,3190,1247
693231807727280129,2795,718
695064344191721472,1553,571
699413908797464576,2028,606
696405997980676096,3108,1116
699323444782047232,3061,834
697482927769255936,2348,643
698195409219559425,16287,5763
698262614669991936,4635,1929
693280720173801472,3256,1198
697575480820686848,1981,484
698635131305795584,1258,331
693267061318012928,2316,787
698953797952008193,2603,882
693629975228977152,2375,768
696900204696625153,3072,990
696488710901260288,2442,989
692901601640583168,1711,580
697596423848730625,2925,1222
698710712454139905,2395,656
692187005137076224,2463,787
695314793360662529,3519,1399
693262851218264065,2147,481
696886256886657024,4707,1733
693993230313091072,1825,390
697995514407682048,1478,326
694669722378485760,34795,13855
692417313023332352,9106,3342
696100768806522880,1874,630
693647888581312512,2614,564
699088579889332224,2186,606
697463031882764288,3325,1360
694356675654983680,1461,278
698355670425473025,1796,431
696744641916489729,2014,899
694342028726001664,1539,471
693642232151285760,2472,397
695446424020918272,4274,1757
693622659251335168,1492,360
695629776980148225,4434,2019
697516214579523584,1993,1073
692919143163629568,2604,730
692905862751522816,2355,845
692828166163931137,2791,860
697616773278015490,3058,979
695409464418041856,8422,3464
694352839993344000,1977,591
698989035503689728,3247,940
694329668942569472,1941,487
698342080612007937,2205,931
697270446429966336,4574,1818
696894894812565505,2270,661
693644216740769793,1313,118
695095422348574720,2562,594
693590843962331137,4899,1884
692894228850999298,2197,764
699446877801091073,5777,2529
696713835009417216,2310,625
693486665285931008,1719,610
699370870310113280,1839,424
692568918515392513,4230,1480
699060279947165696,3629,1737
699036661657767936,2529,1161
699079609774645248,2377,625
693095443459342336,1805,440
694001791655137281,3308,988
695794761660297217,3069,745
693109034023534592,1659,588
697630435728322560,1696,526
694183373896572928,2860,897
696877980375769088,2377,687
696490539101908992,1182,138
699072405256409088,2888,1148
697255105972801536,2981,1115
695767669421768709,1805,713
697881462549430272,2930,1124
695074328191332352,2759,1058
697242256848379904,2454,644
694925794720792577,2622,885
699423671849451520,1317,310
698907974262222848,2467,600
696754882863349760,1439,351
695051054296211456,2582,767
695816827381944320,2927,1114
699434518667751424,2107,494
698703483621523456,1410,361
692423280028966913,1433,219
694206574471057408,4044,1970
692752401762250755,6614,3517
697259378236399616,3200,971
698549713696649216,2251,602
693942351086120961,1700,354
694905863685980160,2668,906
697943111201378304,2325,652
693155686491000832,7669,3101
686035780142297088,1113,112
687124485711986689,2120,489
687841446767013888,5318,2418
687127927494963200,5273,2192
690360449368465409,2589,846
690348396616552449,1464,496
690959652130045952,3476,1203
687317306314240000,19559,8855
686394059078897668,1688,667
688898160958271489,2031,754
687102708889812993,2281,937
686606069955735556,1835,526
691416866452082688,18777,7368
689280876073582592,1924,683
689143371370250240,1963,487
687476254459715584,1926,516
691096613310316544,2879,852
687732144991551489,1708,641
689283819090870273,3164,1060
688894073864884227,2182,661
688908934925697024,2048,738
688519176466644993,2251,705
688064179421470721,1685,351
687494652870668288,1844,556
686618349602762752,3589,1314
688116655151435777,2748,746
689557536375177216,1993,441
691820333922455552,3850,1595
687818504314159109,2411,922
688179443353796608,2073,564
691459709405118465,3933,1098
688828561667567616,1345,355
690400367696297985,1831,433
687312378585812992,4240,1835
688385280030670848,9021,4313
686377065986265092,2144,548
687826841265172480,2672,1086
692142790915014657,1598,377
686050296934563840,2158,704
690607260360429569,290,17
687109925361856513,5638,2372
688916208532455424,2633,833
690728923253055490,2115,498
686386521809772549,3169,852
691675652215414786,1897,493
686947101016735744,8387,3083
689661964914655233,3140,902
686034024800862208,2981,1102
690248561355657216,1634,400
691483041324204033,2324,540
691090071332753408,1675,322
689835978131935233,2107,724
687807801670897665,2318,691
692017291282812928,2810,921
686683045143953408,2746,774
690690673629138944,2260,794
692041934689402880,3295,1222
686286779679375361,3899,1609
689255633275777024,2487,1046
689517482558820352,3304,1384
687399393394311168,1841,598
689905486972461056,2378,673
689977555533848577,1332,433
687704180304273409,2367,813
689999384604450816,1374,354
686749460672679938,3384,1403
687096057537363968,2175,587
686358356425093120,2118,639
690989312272396288,5731,2771
692158366030913536,2088,761
691321916024623104,2506,638
687460506001633280,2004,528
686730991906516992,4021,1159
690938899477221376,3980,1881
691793053716221953,7911,4088
689275259254616065,1112,235
691444869282295808,2565,817
688547210804498433,2519,673
690015576308211712,2417,711
690735892932222976,3681,1222
687664829264453632,1884,491
689623661272240129,2168,621
691756958957883396,2762,959
689993469801164801,1416,432
688789766343622656,2160,638
689289219123089408,2190,899
689599056876867584,11318,5314
689877686181715968,2956,1119
688804835492233216,942,184
688211956440801280,2179,799
690597161306841088,1894,582
690374419777196032,3161,812
690005060500217858,3556,1623
690021994562220032,2715,991
686760001961103360,3417,1338
689659372465688576,10068,3715
690649993829576704,1262,264
689154315265683456,3000,957
690932576555528194,3194,981
687480748861947905,1562,232
683742671509258241,6270,3188
681340665377193984,1593,267
681339448655802368,9011,3939
682393905736888321,2167,639
682808988178739200,1726,161
681579835668455424,3436,1252
685906723014619143,7269,2762
683481228088049664,2589,966
685663452032069632,3135,1408
684588130326986752,3987,1362
683515932363329536,7109,2780
681320187870711809,2561,712
682389078323662849,1614,449
685681090388975616,1977,118
681981167097122816,2727,997
684097758874210310,3986,1385
682962037429899265,35626,15837
685641971164143616,2837,748
684222868335505415,3717,1313
682047327939461121,3095,904
682242692827447297,3129,1106
683828599284170753,2714,1021
681523177663676416,13840,5536
684188786104872960,3392,1126
682788441537560576,2398,1070
684177701129875456,1960,639
682003177596559360,3024,1457
684460069371654144,1915,540
685532292383666176,2934,1113
684880619965411328,2025,776
682259524040966145,4008,1147
681610798867845120,1837,447
682429480204398592,3334,1110
684800227459624960,2648,970
681242418453299201,1438,507
684594889858887680,8634,3381
686007916130873345,2413,398
684481074559381504,3765,1132
685547936038666240,31946,15021
681891461017812993,2391,783
681281657291280384,3138,1058
685307451701334016,2016,421
684914660081053696,3395,1403
681302363064414209,3804,1744
684926975086034944,3385,447
684195085588783105,1848,488
685321586178670592,2564,604
682088079302213632,17662,9484
684122891630342144,1948,451
683462770029932544,2355,649
684567543613382656,2920,1166
685169283572338688,3988,1384
684147889187209216,2909,1467
685268753634967552,3011,1159
683449695444799489,3763,1557
681193455364796417,3576,1418
685198997565345792,2269,646
682059653698686977,4783,1607
685943807276412928,1582,570
684241637099323392,7871,3148
682406705142087680,7337,1686
682662431982772225,2960,1038
682638830361513985,2007,572
683357973142474752,2807,883
684959798585110529,6613,3021
683030066213818368,2103,720
683849932751646720,2540,916
685315239903100929,3194,1005
683098815881154561,2111,633
682750546109968385,1476,419
683391852557561860,7425,2316
681654059175129088,2559,877
683857920510050305,3698,1080
684902183876321280,1808,508
684225744407494656,1201,198
683852578183077888,1886,333
684969860808454144,2323,355
683111407806746624,3303,878
681694085539872773,12432,3905
686003207160610816,1779,599
684940049151070208,3115,1004
680970795137544192,2342,629
683773439333797890,3246,1295
681297372102656000,3113,913
682303737705140231,2960,939
683078886620553216,1942,546
685667379192414208,2291,545
683142553609318400,2786,1003
681231109724700672,2335,465
683834909291606017,2550,1077
684200372118904832,2091,1001
682032003584274432,6383,1914
682697186228989953,1276,348
681261549936340994,1413,257
685325112850124800,9152,3818
683498322573824003,3078,934
681679526984871937,1707,424
685973236358713344,2037,504
684538444857667585,2574,915
684830982659280897,34014,20918
678396796259975168,1536,395
679062614270468097,16331,7703
680115823365742593,2639,867
678334497360859136,1245,237
678675843183484930,2751,1395
678399652199309312,77124,30385
678991772295516161,2200,1101
677565715327688705,1249,437
677334615166730240,1286,270
680473011644985345,2466,724
678774928607469569,2707,861
680934982542561280,2029,418
678755239630127104,6816,3122
677716515794329600,2917,933
679148763231985668,2687,986
678023323247357953,1833,360
680070545539371008,2501,823
679530280114372609,4615,1993
678410210315247616,4037,1718
678341075375947776,1665,510
677644091929329666,1783,766
679729593985699840,2091,794
677673981332312066,3187,1429
680100725817409536,3477,1316
679047485189439488,2168,633
680176173301628928,3770,1479
679777920601223168,3013,1052
679722016581222400,1612,451
677573743309385728,2045,668
679462823135686656,30421,17983
679877062409191424,1921,625
680221482581123072,1430,284
679736210798047232,2027,756
680889648562991104,1706,353
680609293079592961,2540,668
677301033169788928,1179,383
680805554198020098,2085,642
679872969355714560,2129,642
680161097740095489,2250,708
679475951516934144,2024,616
677187300187611136,2614,867
680801747103793152,2307,791
678255464182861824,1526,348
680836378243002368,3352,1264
677662372920729601,1865,901
679828447187857408,35028,13449
680130881361686529,2225,903
678424312106393600,5259,2428
679111216690831360,5763,2474
677328882937298944,3503,1433
677335745548390400,2916,1670
679862121895714818,2382,593
677700003327029250,3254,1378
678708137298427904,5386,2314
679503373272485890,3068,1409
680206703334408192,2737,1117
678389028614488064,1790,402
680191257256136705,2078,479
679132435750195208,2880,1109
678446151570427904,3852,1460
679511351870550016,3250,1212
678740035362037760,3604,1580
680440374763077632,1407,482
677331501395156992,1041,224
678278586130948096,10984,5821
677314812125323265,1580,509
678021115718029313,13075,6024
677895101218201600,4617,1971
677687604918272002,2394,802
677228873407442944,3406,1561
680959110691590145,4446,1932
677530072887205888,1024,217
680583894916304897,3507,1277
677547928504967168,6641,3497
680494726643068929,1671,468
677918531514703872,1284,387
678380236862578688,2339,865
679405845277462528,2289,1148
680497766108381184,4098,1831
680798457301471234,2759,994
677557565589463040,2354,1099
679001094530465792,2738,1168
678764513869611008,1577,445
677698403548192770,1181,305
678798276842360832,3332,1099
678643457146150913,1973,384
678800283649069056,2475,859
677269281705472000,1891,674
679158373988876288,20514,7694
678969228704284672,1581,435
679854723806179328,2760,1176
680940246314430465,3088,1001
680913438424612864,2334,595
680085611152338944,12411,8638
678767140346941444,3396,1298
679527802031484928,2552,692
680145970311643136,3491,1679
677961670166224897,3283,1607
679844490799091713,2287,728
675740360753160193,1114,320
675145476954566656,2028,842
675522403582218240,986,271
676263575653122048,1993,511
676089483918516224,1247,415
675898130735476737,1531,536
674690135443775488,1084,441
674743008475090944,1316,510
675349384339542016,3730,2138
675891555769696257,2021,810
675147105808306176,891,218
675047298674663426,998,300
675501075957489664,16310,5516
676613908052996102,1036,190
674999807681908736,2122,1036
675870721063669760,1554,530
676819651066732545,1742,632
676897532954456065,2151,689
676575501977128964,2457,1062
674752233200820224,1376,434
676101918813499392,2706,1114
674670581682434048,1523,609
675111688094527488,905,234
676864501615042560,1996,667
675517828909424640,1227,439
675135153782571009,1233,445
674767892831932416,1714,728
675153376133427200,5915,2416
676237365392908289,1150,267
675109292475830276,2659,1056
675372240448454658,1604,489
675497103322386432,2980,1214
676975532580409345,2649,1016
676219687039057920,73052,29385
675149409102012420,3534,1593
676606785097199616,1815,411
674781762103414784,1901,1118
675849018447167488,901,132
675888385639251968,2264,902
674739953134403584,1038,362
676533798876651520,1794,521
676593408224403456,4370,2047
675166823650848770,3361,1487
675113801096802304,1843,736
675706639471788032,618,88
675878199931371520,3966,1319
676588346097852417,2201,741
674790488185167872,1038,235
676440007570247681,1651,622
676948236477857792,2060,816
675015141583413248,2549,1105
674737130913071104,609,81
676215927814406144,1654,544
675822767435051008,1446,510
675707330206547968,1880,640
676603393314578432,1110,362
676191832485810177,2170,981
675781562965868544,1541,443
675820929667219457,999,224
675003128568291329,1481,435
676776431406465024,4779,1926
676590572941893632,877,116
676496375194980353,1453,505
676957860086095872,2142,771
675798442703122432,9748,3238
675534494439489536,1747,386
676617503762681856,2749,906
676811746707918848,1369,407
675483430902214656,1752,919
675006312288268288,923,209
675531475945709568,1119,359
676916996760600576,2843,1721
675845657354215424,2153,828
676121918416756736,2064,1100
675146535592706048,1111,276
674764817387900928,748,220
675334060156301312,2625,1210
675853064436391936,2559,1207
675432746517426176,1444,539
675354435921575936,30828,15758
676946864479084545,1662,347
676470639084101634,11107,4439
674788554665512960,764,195
674754018082705410,1290,412
675489971617296384,1223,562
676942428000112642,1977,710
676821958043033607,21893,14732
676098748976615425,2850,1339
676146341966438401,1834,629
674805413498527744,808,336
674800520222154752,2849,800
676430933382295552,1337,321
676582956622721024,1138,261
676949632774234114,1250,375
674774481756377088,1041,440
675710890956750848,1790,769
676936541936185344,12192,4705
674793399141146624,2372,1021
674742531037511680,456,49
675362609739206656,1003,213
673680198160809984,1291,434
673715861853720576,3325,1920
673919437611909120,1106,349
674416750885273600,652,128
673352124999274496,1571,505
673906403526995968,2990,1532
673688752737402881,1185,461
674255168825880576,1379,507
672834301050937345,1233,530
674262580978937856,1242,420
672988786805112832,920,267
673662677122719744,1184,344
674646392044941312,1358,455
672964561327235073,1340,600
672980819271634944,1706,941
672984142909456390,1185,507
674265582246694913,1538,785
672622327801233409,1210,450
674008982932058114,1129,332
674468880899788800,5893,1897
672591762242805761,896,308
672902681409806336,1285,460
672877615439593473,970,328
672975131468300288,1572,837
674447403907457024,1006,336
674063288070742018,6003,2033
673317986296586240,828,235
673707060090052608,1040,363
672997845381865473,1856,664
673295268553605120,7066,2933
673636718965334016,1036,336
673709992831262724,790,245
673270968295534593,1011,335
672828477930868736,1176,455
672898206762672129,851,393
672609152938721280,1039,360
673342308415348736,1194,533
673583129559498752,1126,334
672995267319328768,889,269
673148804208660480,1596,583
674051556661161984,1374,459
673887867907739649,885,238
673343217010679808,915,249
674307341513269249,10736,6483
674632714662858753,1418,537
674372068062928900,805,299
673350198937153538,716,195
673700254269775872,1349,530
673686845050527744,1351,403
674291837063053312,13849,5462
673240798075449344,1342,662
673576835670777856,1300,523
672591271085670400,674,174
674045139690631169,1326,598
672640509974827008,921,294
672614745925664768,1150,540
674410619106390016,1137,432
673363615379013632,971,282
674014384960745472,1469,597
674394782723014656,1429,528
672594978741354496,1246,569
673320132811366400,12637,7293
674318007229923329,1332,483
672970152493887488,888,330
673359818736984064,1355,624
674036086168010753,808,192
673711475735838725,981,280
674082852460433408,717,154
674075285688614912,937,263
673705679337693185,1188,382
673708611235921920,1014,267
674042553264685056,681,118
672604026190569472,1038,370
674644256330530816,980,254
673213039743795200,2089,777
674053186244734976,3106,1204
674038233588723717,1042,393
674422304705744896,1349,501
673612854080196609,1505,671
674638615994089473,1597,547
672538107540070400,959,338
674606911342424069,885,93
673355879178194945,1414,532
673345638550134785,2355,1172
673697980713705472,3721,1817
673656262056419329,679,220
674436901579923456,1045,363
674024893172875264,1673,1143
672523490734551040,588,155
673689733134946305,1639,606
674269164442398721,863,213
673580926094458881,780,254
674271431610523648,1468,683
672968025906282496,1247,500
674664755118911488,860,227
674019345211760640,1063,285
673716320723169284,2908,702
674330906434379776,538,71
673956914389192708,1845,895
672884426393653248,1443,784
671504605491109889,6540,3309
671151324042559489,619,139
671547767500775424,1262,544
670826280409919488,5152,3755
670840546554966016,546,179
672139350159835138,1637,646
671154572044468225,659,205
672254177670729728,1348,691
672466075045466113,1273,489
671357843010908160,374,145
671109016219725825,1069,403
671896809300709376,7992,3877
670783437142401025,777,352
671138694582165504,860,371
671485057807351808,716,216
672160042234327040,826,332
670792680469889025,776,256
671518598289059840,887,272
672267570918129665,1390,569
671511350426865664,1488,648
670778058496974848,312,69
670782429121134593,1433,710
670842764863651840,23133,8044
672488522314567680,1047,402
671538301157904385,873,355
670822709593571328,566,89
671891728106971137,1234,523
671542985629241344,1024,523
672068090318987265,1208,472
671115716440031232,1279,719
671182547775299584,1043,311
671147085991960577,621,200
672082170312290304,888,339
671866342182637568,1056,453
671729906628341761,7966,4024
671882082306625538,3263,1291
671497587707535361,865,417
671159727754231808,337,74
671347597085433856,890,394
672095186491711488,931,340
670764103623966721,1016,391
672245253877968896,640,143
670838202509447168,1042,641
670823764196741120,726,172
671763349865160704,1570,836
671163268581498880,1540,1020
672475084225949696,1363,650
670733412878163972,900,473
671355857343524864,453,112
670727704916926465,784,329
671362598324076544,1036,273
671550332464455680,850,194
671186162933985280,684,191
672481316919734272,677,120
672272411274932228,6036,3116
672248013293752320,1627,556
671879137494245376,1327,613
672222792075620352,741,193
670803562457407488,320,83
670833812859932673,408,113
672256522047614977,2649,1418
671520732782923777,1310,490
670786190031921152,557,183
671744970634719232,1272,710
671735591348891648,1353,699
670789397210615808,620,222
671789708968640512,6638,3208
671122204919246848,3255,2325
671390180817915904,1348,689
672482722825261057,1059,553
671874878652489728,1182,513
671768281401958400,1122,458
671533943490011136,959,536
671855973984772097,846,403
670797304698376195,690,216
672205392827572224,2113,1061
670832455012716544,682,198
672169685991993344,962,340
670995969505435648,1035,266
671141549288370177,1083,605
671528761649688577,786,239
670815497391357952,2964,1424
671486386088865792,543,182
670755717859713024,410,98
672264251789176834,1063,309
671561002136281088,11982,6707
670807719151067136,1090,453
671166507850801152,815,314
671536543010570240,1105,372
671544874165002241,1838,965
670717338665226240,1114,443
670780561024270336,744,267
671134062904504320,693,176
671488513339211776,938,441
672239279297454080,841,300
672231046314901505,1705,934
672125275208069120,2248,1063
670811965569282048,1059,248
671743150407421952,707,222
670804601705242624,1836,886
670427002554466305,490,148
669683899023405056,352,101
669371483794317312,459,165
670442337873600512,607,186
669573570759163904,407,128
669353438988365824,588,241
670444955656130560,6319,1838
668994913074286592,413,207
668852170888998912,423,148
669583744538451968,1393,856
670465786746662913,911,505
670668383499735048,10002,4610
669972011175813120,413,142
670385711116361728,528,189
669354382627049472,2524,1179
670003130994700288,311,84
669006782128353280,542,225
668981893510119424,502,276
669564461267722241,368,112
669375718304980992,1236,671
670691627984359425,553,223
668815180734689280,520,240
670679630144274432,705,259
669037058363662336,612,287
668779399630725120,671,343
669684865554620416,475,82
668872652652679168,494,279
670319130621435904,3649,1128
670403879788544000,402,141
669203728096960512,942,433
669000397445533696,19588,5880
669359674819481600,346,112
669324657376567296,461,192
668960084974809088,658,224
670069087419133954,585,220
669625907762618368,3289,1672
669993076832759809,303,75
668986018524233728,514,151
670411370698022913,1886,821
669363888236994561,583,211
669571471778410496,1488,938
670055038660800512,622,301
669597912108789760,482,140
670434127938719744,1332,598
670046952931721218,607,159
669749430875258880,242,60
670086499208155136,656,231
669567591774625800,220,48
670361874861563904,309,60
669753178989142016,748,367
669923323644657664,219,53
670079681849372674,2076,1131
669327207240699904,538,113
670474236058800128,1418,684
670420569653809152,577,290
668989615043424256,629,306
668892474547511297,374,136
669216679721873412,1113,376
670704688707301377,726,344
668975677807423489,1219,537
669351434509529089,403,168
670338931251150849,401,101
668992363537309700,698,314
670433248821026816,312,103
670428280563085312,1303,570
670449342516494336,1129,598
670452855871037440,514,189
668955713004314625,256,65
670417414769758208,538,302
669680153564442624,627,266
668979806671884288,746,323
670061506722140161,709,308
670303360680108032,409,121
669970042633789440,283,51
668932921458302977,243,53
668826086256599040,404,124
670408998013820928,520,202
669015743032369152,693,346
668967877119254528,134,21
670421925039075328,1227,589
669603084620980224,895,336
670290420111441920,652,265
670093938074779648,966,306
670468609693655041,336,82
670374371102445568,701,249
669328503091937280,955,385
669926384437997569,353,89
670040295598354432,706,104
669214165781868544,407,149
668902994700836864,298,92
669393256313184256,336,69
670676092097810432,230,38
669682095984410625,329,125
669367896104181761,426,140
670037189829525505,555,255
668988183816871936,844,426
669661792646373376,757,394
670073503555706880,1462,728
669942763794931712,470,145
670435821946826752,993,476
667937095915278337,1161,735
667065535570550784,157,41
667549055577362432,5372,2076
668204964695683073,523,182
668620235289837568,185,37
667873844930215936,583,375
668256321989451776,1208,548
667782464991965184,386,227
668268907921326080,514,214
668623201287675904,1322,690
667437278097252352,418,214
668291999406125056,228,29
667766675769573376,407,201
667495797102141441,485,244
667182792070062081,13281,5639
668190681446379520,605,185
668542336805281792,423,194
668248472370458624,889,436
668237644992782336,5768,2612
668496999348633600,378,119
668171859951755264,452,173
667138269671505920,4249,1998
667924896115245057,277,99
667443425659232256,723,533
667861340749471744,229,74
668466899341221888,829,469
667524857454854144,1586,1035
667832474953625600,272,56
667534815156183040,762,484
667177989038297088,178,50
667152164079423490,44363,15454
668587383441514497,1558,984
667517642048163840,345,177
668480044826800133,426,133
667171260800061440,202,77
668636665813057536,966,458
667174963120574464,230,72
667530908589760512,433,218
667911425562669056,453,267
668226093875376128,273,93
668655139528511488,488,201
667773195014021121,216,48
667393430834667520,178,51
667550882905632768,0,27
667470559035432960,235,89
667211855547486208,451,221
668645506898350081,811,488
667866724293877760,2844,955
668625577880875008,353,120
668633411083464705,2611,1473
667192066997374976,356,90
667455448082227200,179,56
667502640335572993,505,200
667453023279554560,291,81
668221241640230912,481,182
667073648344346624,374,109
667160273090932737,236,56
667188689915760640,691,364
668113020489474048,624,217
667886921285246976,1739,985
667165590075940865,2498,1033
667546741521195010,316,115
667491009379606528,484,206
667902449697558528,804,351
667801013445750784,305,87
667200525029539841,571,240
667544320556335104,802,489
667724302356258817,446,292
667915453470232577,196,51
668297328638447616,583,274
668544745690562560,478,212
667885044254572545,771,431
668643542311546881,811,479
668286279830867968,471,126
667806454573760512,988,451
668154635664932864,464,287
668567822092664832,223,49
667878741721415682,371,108
668528771708952576,434,204
667176164155375616,567,418
668614819948453888,577,295
667405339315146752,432,206
667793409583771648,650,307
667550904950915073,0,31
668507509523615744,303,95
667369227918143488,339,151
667728196545200128,355,143
668274247790391296,767,214
668484198282485761,393,216
668142349051129856,541,258
668537837512433665,235,65
668627278264475648,289,100
667090893657276420,312,115
667070482143944705,77,13
667435689202614272,285,79
667509364010450944,6345,1963
668641109086707712,994,497
668631377374486528,658,294
667119796878725120,307,120
667538891197542400,191,60
666701168228331520,395,195
666776908487630848,321,155
666073100786774016,284,141
666996132027977728,225,81
666739327293083650,220,60
666837028449972224,749,506
667012601033924608,420,201
666049248165822465,95,39
666044226329800704,263,124
666418789513326592,111,41
666781792255496192,357,175
666407126856765440,98,31
666102155909144576,69,11
666033412701032449,108,39
666373753744588802,168,78
666454714377183233,474,195
666082916733198337,100,41
666029285002620928,118,41
666435652385423360,150,45
667062181243039745,204,47
666058600524156928,103,51
666057090499244032,263,119
666050758794694657,119,51
666293911632134144,450,311
666071193221509120,133,52
666345417576210432,267,128
666020888022790149,2355,446
666421158376562688,293,100
666983947667116034,2367,896
666063827256086533,438,190
666447344410484738,94,18
666691418707132416,170,44
666337882303524864,179,81
666273097616637952,157,70
667044094246576128,174,44
666411507551481857,396,285
666786068205871104,697,440
666428276349472768,150,73
666353288456101888,193,64
666826780179869698,237,83
666804364988780544,216,84
666817836334096384,471,230
666396247373291520,155,73
666644823164719104,219,73
666649482315059201,1034,568
666055525042405380,402,214
666051853826850816,1097,749
666094000022159362,153,66
666430724426358785,290,173
666287406224695296,131,57
666437273139982337,112,42
666099513787052032,140,57
666268910803644416,92,32
666362758909284353,701,502
666835007768551424,195,72
666104133288665088,13271,5795
